﻿Level,EXPMax,EXPSum
1,10,0
2,11,10
3,12,21
4,13,33
5,14,46
6,15,60
7,16,75
8,17,91
9,18,108
10,19,126
11,20,145
12,22,165
13,24,187
14,26,211
15,28,237
16,30,265
17,33,295
18,36,328
19,39,364
20,42,403
21,46,445
22,50,491
23,55,541
24,60,596
25,66,656
26,72,722
27,79,794
28,86,873
29,94,959
30,103,1053
